524288000S
41266422 514
46072 1
106889 1
38683 1
9583 1
129083 1
45340 1
50619 1
56904 1
39542 1
4889 1
85139 1
10488 1
85127 1
85127 1
-85127 -1
45559 1
2962 1
44480 1
28656 1
42631 1
41044 1
43090 1
112890 1
10341 1
53268 1
113159 1
106069 1
2466 1
2499 1
41834 1
10209 1
44513 1
155718 1
50782 1
136093 1
43656 1
13630 1
17220 1
12519 1
43068 1
29714 1
12245 1
9583 1
129069 1
2490 1
44371 1
9744 1
2493 1
26172 1
42596 1
51957 1
37825 1
43766 1
1921 1
47322 1
10275 1
73343 1
56268 1
105723 1
43981 1
1495 1
45282 1
4890 1
27073 1
44517 1
113809 1
10351 1
64967 1
69500 1
46933 1
95904 1
67546 1
80783 1
48824 1
56436 1
24992 1
9583 1
129459 1
46034 1
68380 1
47384 1
80987 1
295620 1
90182 1
40348 1
1666 1
45418 1
41064 1
44874 1
44927 1
76161 1
102882 1
4991 1
43116 1
33142 1
82300 1
2173 1
101907 1
45759 1
72363 1
41890 1
70753 1
42227 1
90782 1
48758 1
48596 1
44842 1
91202 1
9583 1
129393 1
71437 1
93863 1
44757 1
2931 1
49590 1
71532 1
95767 1
33957 1
42500 1
46642 1
93865 1
172991 1
70343 1
48559 1
102874 1
71529 1
87417 1
46505 1
51273 1
37139 1
22155 1
44802 1
71593 1
48177 1
90373 1
50962 1
42240 1
26222 1
47880 1
21551 1
71593 1
48609 1
81491 1
48092 1
9585 1
129399 1
48362 1
44427 1
71389 1
84744 1
8123 1
105371 1
53048 1
48744 1
65255 1
71961 1
78714 1
102741 1
49883 1
79383 1
